1.0 2.0 0
2.0 3.0 0.7
3.0 4.0 0.2
4.0 5.0 0.3
5.0 6.0 0.9
6.0 7.0 0.55
7.0 8.0 0.62
8.0 9.0 0.4
9.0 10.0 1.3
9.5 10.0 3.0
9.5 10.5 5.0
9.5 11 10.0
10.0 11.0 5.1
11.0 12.0 0.2
12.0 13.0 0.2
13.0 14.0 0.3
14.0 15.0 0.5
15.0 16.0 0.56
16.0 17.0 0.5
17.0 18.0 0.3
18.0 19.0 0.2
19.0 20.0 0.4
20.0 21.0 0.41
21.1 22.3 0.4
21.6 22.7 0.2
22.1 23 0.1527
22.8 23.8 0.23
23.0 26.0 0.3
24.0 28.0 0.3383
25.0 30.0 0.32
26.0 32.0 0.43
27.1 36.3 0.3
28.6 37.7 0.325
29.1 38 0.151
30.8 39.8 0.213